data:
  train:
    transforms:
      resize_to: 256
      hpf_order: 3
      mean: [7.99074656e-10, 9.42090607e-10, 6.85161949e-10]
      std: [0.03253524, 0.03236544, 0.03264875]
  val:
    transforms:
      resize_to: 256
      hpf_order: 3
      mean: [7.99074656e-10, 9.42090607e-10, 6.85161949e-10]
      std: [0.03253524, 0.03236544, 0.03264875]